  1015.10     295.99      16.77
    625.0000       299.2000       14.56000      0.0000000E+00  0.0000000E+00
    1875.000       305.6200       10.14000      0.0000000E+00  0.0000000E+00
    3125.000       311.7400       6.330000      0.0000000E+00  0.0000000E+00
    4375.000       318.6800       3.530000      0.0000000E+00  0.0000000E+00
    5625.000       323.2300       2.620000      0.0000000E+00  0.0000000E+00
    6875.000       329.4500       1.050000      0.0000000E+00  0.0000000E+00
    8125.000       334.3500      0.4900000      0.0000000E+00  0.0000000E+00
    9375.000       338.4000      9.0000004E-02  0.0000000E+00  0.0000000E+00
    10625.00       341.6700      0.1400000      0.0000000E+00  0.0000000E+00
    11875.00       344.7400      5.0000001E-02  0.0000000E+00  0.0000000E+00
    13125.00       348.0500      5.0000001E-02  0.0000000E+00  0.0000000E+00
    14375.00       355.4500      9.9999998E-03  0.0000000E+00  0.0000000E+00
    15625.00       369.6000      0.0000000E+00  0.0000000E+00  0.0000000E+00
    16875.00       392.9000      0.0000000E+00  0.0000000E+00  0.0000000E+00
    18125.00       424.7400      0.0000000E+00  0.0000000E+00  0.0000000E+00
    19375.00       459.0900      0.0000000E+00  0.0000000E+00  0.0000000E+00
    20625.00       496.6000      0.0000000E+00  0.0000000E+00  0.0000000E+00
    21875.00       536.5000      0.0000000E+00  0.0000000E+00  0.0000000E+00
    23125.00       574.6000      0.0000000E+00  0.0000000E+00  0.0000000E+00
    24375.00       610.9000      0.0000000E+00  0.0000000E+00  0.0000000E+00
    25625.00       647.2000      0.0000000E+00  0.0000000E+00  0.0000000E+00
    40000.00      1064.6500      0.0000000E+00  0.0000000E+00  0.0000000E+00
