  1006.00     299.35      20.00
    50.00     299.50      19.80       0.10      -6.50
   154.00     299.80      19.40       1.20      -6.50
   267.00     300.20      19.00       2.40      -6.50
   389.00     300.50      18.60       3.60      -6.50
   522.00     301.00      18.10       5.00      -6.50
   665.00     301.40      17.60       6.50      -6.50
   821.00     302.00      16.80       7.90      -6.40
   990.00     302.70      15.60       8.90      -6.00
  1172.00     303.50      14.30      10.10      -5.70
  1370.00     304.20      13.30      10.90      -5.20
  1585.00     305.00      12.70      11.50      -4.70
  1817.00     305.90      12.10      12.00      -4.20
  2069.00     307.10      11.50      12.10      -3.80
  2342.00     308.40      10.90      11.90      -3.40
  2638.00     310.10      10.20      11.30      -3.10
  2958.00     311.90       9.50      10.70      -2.80
  3305.00     313.90       8.80      10.00      -2.60
  3681.00     316.20       8.10       9.40      -2.40
  4089.00     318.40       7.30       8.80      -2.30
  4530.00     320.60       6.60       8.00      -2.10
  5009.00     323.10       5.80       7.20      -1.80
  5527.00     325.80       5.00       6.40      -1.50
  6089.00     328.70       4.30       5.60      -1.20
  6697.00     331.80       3.50       4.90      -0.80
  7357.00     335.20       2.70       4.10      -0.40
  8050.00     338.30       1.90       3.30       0.00
  8750.00     341.20       1.30       2.60       0.60
  9450.00     343.90       0.90       1.80       1.10
 10150.00     346.00       0.50       1.10       1.60
 10850.00     347.50       0.30       0.50       2.00
 11550.00     348.70       0.10      -0.40       2.30
 12250.00     350.10       0.00      -1.10       2.60
 12950.00     351.40       0.00      -1.70       3.10
 13650.00     352.40       0.00      -2.50       3.50
 14350.00     353.00       0.00      -3.60       4.20
 15050.00     355.60       0.00      -4.60       3.90
 15750.00     358.60       0.00      -5.50       3.50
 16450.00     364.20       0.00      -6.00       0.80
 17150.00     377.00       0.00      -5.10      -2.50
 17850.00     385.50       0.00      -4.90      -2.40
 18550.00     398.60       0.00      -4.90      -2.40
 19250.00     411.80       0.00      -4.90      -2.40
 19950.00     425.00       0.00      -4.90      -2.40
 20650.00     438.10       0.00      -4.90      -2.40
 21350.00     451.30       0.00      -4.90      -2.40
 22050.00     464.40       0.00      -4.90      -2.40
 22750.00     477.60       0.00      -4.90      -2.40
 23450.00     490.80       0.00      -4.90      -2.40
 24150.00     503.90       0.00      -4.90      -2.40
 40000.00     800.5215     0.00      -4.90      -2.40
